object_pose_0:
  parent_frame_id: camera_link
  position:
    x: -0.014737
    y: -0.0440433
    z: 0.554134
  orientation:
    x: -0.328051
    y: 0.899775
    z: -0.275946
    w: -0.0815019
