object_pose_0:
  parent_frame_id: camera_link
  position:
    x: -0.0326604
    y: -0.0450184
    z: 0.548946
  orientation:
    x: -0.329858
    y: 0.902758
    z: -0.265332
    w: -0.0762982
