object_pose_0:
  parent_frame_id: camera_link
  position:
    x: 0.00911875
    y: 0.00904516
    z: 0.567863
  orientation:
    x: -0.549517
    y: 0.665861
    z: 0.185021
    w: 0.469498
