object_pose_0:
  parent_frame_id: camera_link
  position:
    x: -0.0194455
    y: 0.00805888
    z: 0.567493
  orientation:
    x: -0.328421
    y: 0.899368
    z: -0.277215
    w: -0.0801801
