object_pose_0:
  parent_frame_id: camera_link
  position:
    x: 0.00886413
    y: 0.00924204
    z: 0.566894
  orientation:
    x: -0.548423
    y: 0.666246
    z: 0.184265
    w: 0.470526
