object_pose_0:
  parent_frame_id: camera_link
  position:
    x: -0.0327803
    y: -0.0452094
    z: 0.549103
  orientation:
    x: -0.324817
    y: 0.90414
    z: -0.26162
    w: -0.0926243
