object_pose_0:
  parent_frame_id: camera_link
  position:
    x: -0.0195805
    y: 0.0121029
    z: 0.564554
  orientation:
    x: -0.317497
    y: 0.898369
    z: -0.280956
    w: -0.114856
