object_pose_0:
  parent_frame_id: camera_link
  position:
    x: 0.0559482
    y: 0.100597
    z: 0.538376
  orientation:
    x: 0.673067
    y: -0.472941
    z: 0.306885
    w: 0.478675
