object_pose_0:
  parent_frame_id: camera_link
  position:
    x: 0.00895368
    y: 0.00934313
    z: 0.567685
  orientation:
    x: -0.548615
    y: 0.66556
    z: 0.182609
    w: 0.471917
