object_pose_0:
  parent_frame_id: camera_link
  position:
    x: 0.00498696
    y: 0.0232797
    z: 0.558796
  orientation:
    x: 0.358038
    y: 0.887265
    z: -0.262445
    w: 0.125267
