object_pose_0:
  parent_frame_id: camera_link
  position:
    x: -0.0328397
    y: -0.045633
    z: 0.54926
  orientation:
    x: -0.325753
    y: 0.903931
    z: -0.262201
    w: -0.0896883
