object_pose_0:
  parent_frame_id: camera_link
  position:
    x: 0.0975906
    y: 0.113384
    z: 0.498849
  orientation:
    x: -0.176381
    y: 0.804314
    z: -0.546834
    w: -0.151463
