object_pose_0:
  parent_frame_id: camera_link
  position:
    x: 1.00152
    y: 0.000160049
    z: -1.5892e-05
  orientation:
    x: -0.00113509
    y: -0.706898
    z: -0.00186717
    w: 0.707312
