object_pose_0:
  parent_frame_id: camera_link
  position:
    x: 1.00152
    y: 0.000161577
    z: -1.42339e-05
  orientation:
    x: -0.00114668
    y: -0.706906
    z: -0.00185886
    w: 0.707304
