object_pose_0:
  parent_frame_id: camera_link
  position:
    x: 1.00152
    y: 0.000161607
    z: -1.41985e-05
  orientation:
    x: -0.00114667
    y: -0.706906
    z: -0.00185888
    w: 0.707304
