object_pose_0:
  parent_frame_id: camera_link
  position:
    x: -0.0187689
    y: -0.0164424
    z: 0.513922
  orientation:
    x: 0.95104
    y: -0.113552
    z: 0.0465894
    w: 0.283652
