object_pose_0:
  parent_frame_id: camera_link
  position:
    x: 1.00152
    y: 0.000161548
    z: -1.42467e-05
  orientation:
    x: -0.00114699
    y: -0.706906
    z: -0.00185875
    w: 0.707304
