object_pose_0:
  parent_frame_id: camera_link
  position:
    x: 0.00610894
    y: 0.0264397
    z: 0.557734
  orientation:
    x: -0.451997
    y: 0.691688
    z: 0.0517418
    w: 0.560883
