object_pose_0:
  parent_frame_id: camera_link
  position:
    x: 0.00470846
    y: 0.0227813
    z: 0.55931
  orientation:
    x: 0.356258
    y: 0.887896
    z: -0.262592
    w: 0.125565
