object_pose_0:
  parent_frame_id: camera_link
  position:
    x: 0.00917668
    y: 0.0096307
    z: 0.567465
  orientation:
    x: -0.548372
    y: 0.66561
    z: 0.183315
    w: 0.471856
