object_pose_0:
  parent_frame_id: camera_link
  position:
    x: 0.00920156
    y: 0.00951376
    z: 0.567549
  orientation:
    x: -0.548781
    y: 0.666211
    z: 0.182738
    w: 0.470755
