object_pose_0:
  parent_frame_id: camera_link
  position:
    x: 0.00683146
    y: 0.00890176
    z: 0.566708
  orientation:
    x: -0.544779
    y: 0.667247
    z: 0.182609
    w: 0.473976
