object_pose_0:
  parent_frame_id: camera_link
  position:
    x: -0.0150757
    y: -0.0442815
    z: 0.55421
  orientation:
    x: -0.328051
    y: 0.899774
    z: -0.275946
    w: -0.0815018
