object_pose_0:
  parent_frame_id: camera_link
  position:
    x: 0.00482536
    y: 0.0226298
    z: 0.559287
  orientation:
    x: 0.355231
    y: 0.888308
    z: -0.262703
    w: 0.125329
