object_pose_0:
  parent_frame_id: camera_link
  position:
    x: -0.0149668
    y: -0.0442445
    z: 0.554007
  orientation:
    x: -0.328051
    y: 0.899775
    z: -0.275946
    w: -0.0815019
