object_pose_0:
  parent_frame_id: camera_link
  position:
    x: -0.00061253
    y: 0.0228576
    z: 0.529098
  orientation:
    x: 0.67067
    y: 0.545057
    z: 0.466825
    w: -0.187592
