object_pose_0:
  parent_frame_id: camera_link
  position:
    x: 0.00594513
    y: 0.0263941
    z: 0.55756
  orientation:
    x: -0.451777
    y: 0.692028
    z: 0.0522025
    w: 0.560598
