object_pose_0:
  parent_frame_id: camera_link
  position:
    x: -0.0326678
    y: -0.0452176
    z: 0.549125
  orientation:
    x: -0.330229
    y: 0.902982
    z: -0.264434
    w: -0.0751507
