object_pose_0:
  parent_frame_id: camera_link
  position:
    x: -0.0325521
    y: -0.045264
    z: 0.549026
  orientation:
    x: -0.329971
    y: 0.902993
    z: -0.264476
    w: -0.0759971
