object_pose_0:
  parent_frame_id: camera_link
  position:
    x: 0.00471753
    y: 0.0227928
    z: 0.559365
  orientation:
    x: 0.355515
    y: 0.888085
    z: -0.262955
    w: 0.12557
