object_pose_0:
  parent_frame_id: camera_link
  position:
    x: -0.0149111
    y: -0.0436458
    z: 0.553868
  orientation:
    x: -0.328051
    y: 0.899775
    z: -0.275946
    w: -0.0815022
