object_pose_0:
  parent_frame_id: camera_link
  position:
    x: 0.00476552
    y: 0.0228523
    z: 0.559319
  orientation:
    x: 0.356285
    y: 0.887794
    z: -0.262858
    w: 0.125658
