object_pose_0:
  parent_frame_id: camera_link
  position:
    x: 0.00589325
    y: 0.0265076
    z: 0.557512
  orientation:
    x: -0.451697
    y: 0.691798
    z: 0.0518775
    w: 0.560976
