object_pose_0:
  parent_frame_id: camera_link
  position:
    x: 0.00477573
    y: 0.0227801
    z: 0.559388
  orientation:
    x: 0.35563
    y: 0.888074
    z: -0.262902
    w: 0.125439
