object_pose_0:
  parent_frame_id: camera_link
  position:
    x: 0.00468631
    y: 0.0227291
    z: 0.559313
  orientation:
    x: 0.356253
    y: 0.887929
    z: -0.262516
    w: 0.125506
