object_pose_0:
  parent_frame_id: camera_link
  position:
    x: 1.00152
    y: 0.000161559
    z: -1.41787e-05
  orientation:
    x: -0.00114669
    y: -0.706906
    z: -0.00185868
    w: 0.707305
