object_pose_0:
  parent_frame_id: camera_link
  position:
    x: -0.00311042
    y: -0.0102321
    z: 0.580841
  orientation:
    x: 0.307571
    y: 0.90556
    z: -0.270343
    w: 0.110794
