object_pose_0:
  parent_frame_id: camera_link
  position:
    x: -0.0231947
    y: 0.00689783
    z: 0.56903
  orientation:
    x: 0.414311
    y: 0.861509
    z: -0.255866
    w: 0.143815
