object_pose_0:
  parent_frame_id: camera_link
  position:
    x: -0.0148732
    y: -0.044103
    z: 0.554068
  orientation:
    x: -0.328051
    y: 0.899775
    z: -0.275946
    w: -0.081502
